Y3N2c2VydmVyIGdlbmVyYXRlZCBhdDogMTYyMzM4OTUxOQ==
CSVSERVER_BORDER: Orange
0,  234
1,  98
2,  34
0,  234
1,  98
2,  34
0,  234
1,  98
2,  34
0,  234
1,  98
2,  34
0,  234
1,  98
2,  34
0,  234
1,  98
2,  34
0,  234
1,  98
2,  34
0,  234
1,  98
2,  34
0,  234
1,  98
2,  34
0,  234
1,  98
2,  34
0,  234
1,  98
2,  34
0,  234
1,  98
2,  34
0,  234
1,  98
2,  34
0,  234
1,  98
2,  34
0,  234
1,  98
2,  34
0,  234
1,  98
2,  34
0,  234
1,  98
2,  34
0,  234
1,  98
2,  34
0,  234
1,  98
2,  34
0,  234
1,  98
2,  34
